01 : 01 01 01 01 01 01 01 -> 0
02 : 02 02 02 02 02 02 02 -> 0
03 : 03 03 03 23 23 23 23 -> 4
04 : 23 23 23 23 04 04 23 -> 5
05 : 05 05 05 05 05 05 05 -> 0
06 : 06 01 06 06 06 06 06 -> 1
07 : 19 01 07 07 07 07 19 -> 3
08 : 23 08 08 08 08 08 08 -> 1
09 : 13 23 23 23 23 03 23 -> 7
10 : 10 10 10 10 10 10 10 -> 0
11 : 11 19 11 11 19 11 11 -> 2
12 : 35 23 12 13 23 23 12 -> 5
13 : 13 13 13 13 13 13 13 -> 0
14 : 14 14 14 01 14 14 14 -> 1
15 : 15 15 15 15 15 35 15 -> 1
16 : 19 19 24 01 01 24 01 -> 7
17 : 01 17 17 01 01 01 01 -> 5
18 : 18 18 18 18 18 18 05 -> 1
19 : 19 19 19 19 19 19 19 -> 0
20 : 23 19 13 13 13 19 20 -> 6
21 : 30 24 30 30 30 24 33 -> 7
22 : 22 22 22 22 22 22 22 -> 0
23 : 23 03 23 23 23 23 23 -> 1
24 : 24 24 24 24 24 24 24 -> 0
25 : 25 05 25 25 25 25 25 -> 1
26 : 23 23 26 13 23 23 23 -> 6
27 : 27 27 27 27 27 27 27 -> 0
28 : 19 15 23 01 23 15 28 -> 6
29 : 30 30 30 30 30 29 29 -> 5
30 : 30 30 30 30 30 30 30 -> 0
31 : 24 24 30 39 31 21 02 -> 6
32 : 32 01 32 01 32 32 01 -> 3
33 : 33 33 33 33 30 39 33 -> 2
34 : 34 24 34 34 34 34 34 -> 1
35 : 35 01 35 35 35 01 35 -> 2
36 : 01 36 16 01 01 01 01 -> 6
37 : 01 19 37 13 01 37 13 -> 5
38 : 23 38 38 38 23 23 38 -> 3
39 : 39 39 39 39 39 39 39 -> 0
40 : 23 05 40 35 40 05 40 -> 4
Total errors: 107
